[0.02454565 0.43262464 0.54282971] ADV
[0.02505789 0.44246925 0.53247286] ADV
[0.02343816 0.36077735 0.61578449] ADV
[0.02708408 0.44506981 0.5278461 ] ADV
[0.01948476 0.48061456 0.49990068] ADV
[0.00924558 0.94142467 0.04932975] QUI
[0.00857695 0.95421073 0.03721232] QUI
[0.00793586 0.95460337 0.03746076] QUI
[0.00735557 0.94825133 0.0443931 ] QUI
[0.00937073 0.94029257 0.0503367 ] QUI
[0.01267724 0.91577663 0.07154612] QUI
[0.0167538  0.84890386 0.13434234] QUI
[0.71681208 0.25817352 0.0250144 ] CAR
[0.72976272 0.23573941 0.03449787] CAR
[0.79061549 0.17063562 0.0387489 ] CAR
[0.50108446 0.4523483  0.04656724] ADV
[0.74543763 0.22452124 0.03004113] CAR
[0.63275771 0.32421382 0.04302847] CAR
